10
989
444
9
1327
0
337
47
101
10
5
24
100
145
11
27
19
4
602
63
41
308
11
1
20
276
1
181
86
4
13
7
26
18377
17
49
19
58
11
145
1586
6
1
28
32
11
306
83
31
6
57
136
0
11
62
53
103
16
23
52
9
147
47
99
22
7028
1160
56
297
11
72
416
10
35
31
13
71
161
145
152
1449
0
2
17
105
603
41
90
0
66
1
985
31
8
0
10
21
3
3
0
224
16
65
0
8
44
41
0
1369
24
140
1067
4617
259
334
5039
116
498
214
5
2
11
32
153
3
142
1322
52
444
750
43
158
465
518
0
23
298
5941
1
46
2
9
1207
194
3783
259
54
132
0
16
50
447
11
311
19
8
34
44
26
1319
21
329
0
8
40
76
407
59
2324
11
38
6
0
3
26937
24
64
42
1368
21
27
17
747
9
2
784
1
231
1819
15
70
112
28
19
34
99
899
14
121
17
1
6
349
37
2346
52
6
0
2
11
1543
373
0
751
7
12
4
361
24
11
33
24
7396
808
2
39
2696
43
0
0
82
2
58
238
163
342
25
0
53
3
2
192
2
41
50
4
44
1201
1936
1
0
153
8
11
33
228
341
579
7
624
60
52
18
8
220
25
38
10
30
21
25
640
29
7
34
56
668
3
2
59
7
11
159
176
152
10
11
162
19
82
4537
12
570
6
29
102
137
484
118
17
0
4448
719
3515
221
1563
46
249
60
135
1097
105
37
37
2281
0
690
146
11
131
260
32
16
284
20
43
5
156
774
54
49
5
1333
12
322
340
117
32
3
990
36
2
11
90
15
