46
113
560
25
203
0
93
83
115
11
0
14
97
97
59
13
65
0
917
11
36
243
0
0
25
85
0
187
97
0
46
17
72
9733
21
31
8
93
26
209
1050
27
2
54
34
1
194
122
76
51
87
247
0
0
91
39
78
0
10
121
0
418
51
0
0
618
1374
45
100
19
239
666
18
37
56
94
94
282
159
31
651
0
4
41
55
363
60
106
0
38
0
1155
115
0
0
43
3
15
0
0
92
36
110
3
15
159
88
0
1045
57
279
452
360
118
96
2308
149
17
253
18
0
20
4
16
0
247
254
60
624
723
7
187
484
203
0
62
709
4924
0
43
20
3
35
258
161
292
172
148
0
33
45
576
0
450
10
48
30
100
77
506
34
666
0
0
58
106
418
53
459
9
26
11
0
2
3414
16
62
60
25
26
53
69
62
18
0
9
0
180
2
12
55
139
98
10
28
154
437
3
293
60
2
3
65
9
1228
41
18
0
1
35
183
433
0
1179
0
3
12
264
11
37
23
17
951
40
1
50
25
20
0
0
32
0
37
334
48
462
12
0
52
0
0
104
7
22
56
45
51
584
130
6
24
51
43
13
57
267
146
158
38
650
236
34
14
5
71
9
29
0
17
58
5
0
62
13
75
80
805
0
0
108
16
0
31
452
480
82
19
88
0
246
15226
42
319
0
7
12
66
479
213
31
0
5924
14
599
125
224
108
362
99
164
1476
30
49
36
856
0
185
79
0
251
636
109
39
599
25
29
0
133
1561
26
64
0
1574
0
232
689
23
107
29
58
0
5
18
136
57
