10
477
114
13
751
0
166
86
41
7
19
27
175
64
4
11
4
2
259
38
17
486
8
1
7
159
2
112
52
2
11
38
47
5370
18
38
15
55
2
91
1081
2
2
27
21
48
420
118
54
11
100
84
0
11
48
6
40
32
20
28
1
97
29
77
10
2651
751
52
91
2
103
840
20
32
22
39
156
151
114
327
479
1
4
30
58
434
55
65
0
61
0
646
37
2
1
3
14
10
4
1
373
20
37
5
7
67
52
1
1131
32
66
2323
2012
153
539
2627
70
387
157
11
0
26
33
26
2
191
620
46
103
893
9
125
227
148
0
17
106
2660
1
78
2
23
255
146
1109
438
1
106
0
34
89
693
15
260
3
7
59
7
31
404
27
285
0
4
14
85
256
35
1058
22
24
16
0
3
32949
27
47
145
526
13
7
19
157
10
1
241
0
179
330
9
49
107
48
20
53
76
441
17
125
11
6
1
85
34
298
68
3
0
21
8
550
350
0
1340
8
14
1
818
9
4
78
3
3671
256
1
25
1020
70
0
4
32
4
39
165
34
388
34
4
130
2
1
121
6
74
44
14
11
646
709
1
0
210
2
8
44
312
176
243
1
600
8
25
32
2
275
31
28
11
16
17
44
275
19
7
13
53
412
0
1
25
8
17
51
291
42
7
12
173
2
25
5252
15
413
10
31
60
191
440
126
5
3
4980
551
1332
57
576
42
265
42
241
652
105
21
56
1862
0
151
187
17
110
272
25
19
133
13
19
1
111
385
53
37
5
1583
6
92
680
79
45
4
411
31
7
6
28
22
