15
989
682
10
1327
0
337
49
174
19
23
39
135
188
37
34
78
4
638
83
45
322
13
1
21
324
1
390
123
4
13
24
26
18377
21
58
31
76
40
353
1586
10
3
40
154
105
520
99
36
13
96
226
0
117
62
53
147
27
29
87
12
290
57
105
30
7028
1160
61
297
28
89
421
10
46
40
19
82
242
241
1978
1449
0
2
31
269
678
46
107
0
126
86
1497
44
8
0
11
31
11
3
0
333
137
125
7
12
145
50
0
1604
34
146
1069
4617
259
334
5039
160
498
301
5
2
13
72
153
3
143
1322
69
444
968
44
217
545
518
0
23
423
5941
12
47
8
198
1207
246
3783
348
54
176
0
16
50
458
20
397
32
17
561
63
30
1319
26
345
0
8
51
169
407
110
2324
14
394
6
0
20
26972
375
154
187
1368
25
27
22
747
27
3
784
1
298
1819
15
614
197
199
19
610
246
899
14
198
28
1
6
349
162
2346
581
17
0
2
25
1543
572
0
814
8
19
4
945
26
11
36
24
7396
808
4
171
2696
44
0
0
82
2
156
382
163
383
25
0
97
3
2
202
7
133
97
11
60
1201
1936
2
2
273
8
47
45
252
341
579
31
2267
60
52
18
25
237
49
48
10
81
62
71
640
41
7
83
274
673
3
4
88
19
18
159
316
167
10
36
341
23
304
4537
21
570
6
44
104
195
579
185
24
0
4448
719
3515
221
1563
112
273
167
169
344443
290
81
37
2281
0
690
239
11
178
274
46
21
84763
96
46
6
239
816
82
51
28
1333
18
322
352
269
43
4
990
123
3
35
109
15
