35
477
439
13
751
0
166
89
130
8
98
37
208
124
62
26
109
23
346
64
22
513
10
5
8
211
2
562
97
2
11
102
53
5370
26
50
56
80
57
251
1081
5
5
60
217
204
747
148
55
20
139
125
0
182
53
6
115
39
23
76
4
240
79
90
54
2651
751
59
91
14
114
855
21
39
42
52
168
258
246
4486
479
1
4
68
324
506
75
71
0
155
125
1231
88
2
1
30
37
30
4
1
576
140
156
18
8
189
56
1
1467
43
87
2333
2012
153
539
2627
146
387
292
12
0
35
75
26
2
191
620
50
103
1293
15
237
336
148
0
17
262
2660
17
86
13
295
255
236
1109
467
1
203
0
34
89
726
35
438
7
14
788
78
36
404
27
293
0
4
31
323
256
91
1058
26
955
16
0
11
32997
1157
213
374
526
18
7
27
157
134
2
241
0
329
330
9
1338
135
369
22
861
232
441
24
264
37
8
1
85
196
298
786
25
0
21
11
550
549
0
1410
8
19
2
2399
18
4
83
3
3671
256
3
207
1020
70
1
6
32
8
110
506
34
479
41
4
259
2
1
178
15
323
146
17
32
646
709
9
4
381
9
74
66
376
176
243
50
5725
8
32
32
35
313
48
36
11
111
98
91
275
21
7
120
299
420
3
18
125
49
46
51
662
56
7
67
408
2
428
5252
23
413
10
59
65
239
591
233
7
3
4980
551
1332
57
576
84
279
172
270
209270
700
65
56
1862
0
151
314
17
200
348
43
25
56496
130
35
2
180
519
95
37
33
1583
17
92
697
363
58
6
411
107
18
45
72
22
