71
113
1043
25
203
0
93
83
289
39
34
54
97
213
109
13
170
0
1115
44
36
286
1
0
25
105
0
594
230
0
46
17
72
9733
21
61
149
100
82
589
1050
45
2
157
345
483
513
261
76
51
105
388
0
148
91
39
204
3
20
168
12
731
131
18
33
618
1374
45
100
44
283
675
18
53
61
94
137
500
361
7086
651
0
4
144
421
513
60
106
0
227
118
1448
208
0
0
185
4
15
0
0
195
149
197
13
18
558
99
0
1246
57
288
452
360
118
96
2308
164
17
351
18
0
20
32
16
0
247
254
79
624
1229
39
272
660
203
0
62
927
4924
51
43
20
761
35
402
161
611
172
202
0
33
45
623
11
827
100
95
889
116
77
506
61
666
0
0
58
212
418
179
459
9
549
11
0
34
3461
999
243
373
25
26
53
69
62
65
0
9
0
227
2
12
634
190
453
10
343
259
437
3
494
60
2
3
65
172
1228
689
18
0
1
67
183
718
0
1475
0
30
12
2070
11
37
23
17
951
40
1
307
25
21
17
0
32
0
129
733
48
535
12
0
84
0
0
105
53
204
147
78
117
584
130
6
24
468
43
83
61
280
146
158
95
2552
236
44
14
29
73
105
56
0
23
216
99
0
95
13
79
454
833
0
21
319
18
11
31
721
498
82
40
265
9
560
15226
111
319
0
43
58
217
632
353
32
0
5924
14
599
125
224
232
422
264
183
100106
432
117
36
856
0
185
143
0
463
651
109
39
15318
237
30
0
192
1621
100
64
0
1574
73
232
728
347
125
45
58
111
5
72
184
57
