19
927
248
6
1310
0
320
19
51
14
28
12
81
45
27
18
87
11
241
33
23
163
4
6
1
99
0
290
37
2
12
40
5
5875
5
34
25
38
23
101
1603
4
3
26
83
68
250
50
27
11
68
76
0
114
20
12
50
17
12
56
3
116
52
34
32
7767
1084
25
147
12
30
322
7
17
28
29
72
85
167
1302
997
0
0
28
133
266
28
24
1
85
129
518
30
1
2
17
9
9
4
0
192
141
96
11
3
145
21
0
359
13
16
859
3366
309
668
4462
47
850
148
9
0
10
37
188
0
46
1438
17
169
517
7
150
137
218
0
6
142
2245
9
25
9
130
1279
104
5624
130
1
63
0
14
22
119
20
269
6
8
435
54
9
549
10
50
0
2
14
62
450
84
2500
5
418
4
0
6
7215
624
137
239
1580
7
8
19
682
70
9
1172
0
139
1748
6
707
73
170
9
699
122
792
8
107
13
1
3
388
115
179
536
35
0
4
12
1249
188
0
216
3
8
1
688
11
0
15
75
12194
724
2
118
1729
29
1
1
39
3
68
247
2468
191
22
0
99
0
0
52
7
59
73
12
19
1056
1997
3
0
170
2
69
18
98
247
544
18
1160
11
14
19
17
198
32
8
7
61
74
52
1128
12
3
92
191
99
5
15
94
46
30
117
226
19
6
47
254
4
166
1485
20
407
2
16
14
111
155
73
14
0
7085
1077
2327
72
1399
78
86
101
86
192238
442
52
16
2193
0
710
174
6
85
75
27
7
44887
111
18
4
100
204
42
19
18
1488
18
180
100
180
31
2
1498
93
6
23
52
1
