32
1372
919
14
2996
0
462
72
177
31
21
54
184
108
60
19
116
13
913
134
82
403
28
5
21
284
5
563
94
8
32
92
36
15441
32
91
64
131
56
472
3106
21
4
85
193
125
601
204
35
12
166
212
0
208
55
82
276
27
46
124
13
444
58
111
30
16041
1513
117
288
17
115
503
24
40
59
39
117
199
272
1982
2466
3
3
92
365
540
120
111
0
196
139
1267
68
10
6
26
34
24
6
0
291
227
187
25
19
297
86
5
2331
28
77
1623
7472
301
1424
10190
196
1421
316
22
0
21
92
295
3
139
3004
71
505
1158
40
313
424
594
2
21
506
5509
15
46
16
344
3101
221
11467
587
54
137
0
28
36
271
85
437
37
36
1194
105
31
990
55
260
0
13
54
203
634
132
5143
24
721
18
0
24
9463
722
185
385
1269
30
24
33
895
80
6
878
2
337
1940
17
990
227
242
29
862
372
2955
45
316
36
12
0
804
238
1574
920
33
0
10
61
2674
571
0
441
16
28
8
1057
47
6
36
17
27264
1703
4
286
5528
64
1
4
139
1
194
467
204
456
57
1
151
1
2
245
10
148
149
58
52
1429
3920
7
2
394
18
159
80
219
393
1280
63
2079
75
85
29
66
227
77
32
6
106
138
78
806
40
16
97
460
382
6
15
148
39
25
118
635
53
33
73
512
14
394
4777
20
876
4
77
57
201
419
276
64
2
11133
1699
4436
436
2818
136
427
249
232
395999
459
133
33
4055
0
979
291
7
301
238
39
19
65740
184
64
5
200
560
80
78
34
2126
39
272
602
328
93
19
8890
171
7
66
137
11
