9
182
255
55
1044
0
90
33
15
0
2
11
95
29
0
39
0
0
760
0
20
40
0
0
11
2
0
93
8
0
82
66
29
7329
0
26
16
84
0
47
996
3
0
43
34
0
195
73
18
0
27
168
0
71
69
45
106
0
0
42
1
54
0
8
0
1101
239
0
149
0
93
154
0
109
92
22
22
29
18
89
649
56
1
6
1
104
7
14
0
39
0
400
12
13
0
33
0
0
8
0
103
0
48
0
0
43
24
0
627
29
223
502
534
174
8
922
119
9
49
13
0
5
44
42
0
45
613
37
168
402
0
66
130
258
0
0
231
3441
0
26
15
0
27
151
178
46
42
61
0
3
13
110
19
215
0
0
1
58
27
635
8
427
0
0
2
67
305
0
691
0
35
31
0
0
1301
0
4
26
47
3
124
40
222
27
4
24
0
54
0
33
12
4
0
8
22
67
128
33
112
0
7
0
49
0
899
30
0
0
10
0
305
172
0
408
34
0
15
49
24
4
8
2
1242
218
45
0
89
34
0
0
93
0
4
101
96
127
67
0
24
3
5
103
3
30
1
0
0
388
269
16
0
50
0
49
1
278
49
143
11
179
34
50
58
0
7
4
12
0
17
13
1
0
35
0
14
0
229
0
0
27
24
15
38
180
99
9
0
21
7
27
10296
0
320
0
6
0
43
162
25
31
0
1864
102
288
109
125
69
169
18
107
511
61
0
22
1136
0
156
39
0
237
185
22
0
281
38
14
1
104
882
29
27
15
1650
46
105
215
47
36
8
84
13
0
16
8
5
