26
182
636
55
1044
0
90
33
257
71
33
48
95
99
143
56
37
0
888
20
27
45
1
53
11
2
0
472
161
0
82
66
29
7329
32
75
74
157
72
419
996
104
0
163
354
153
595
152
18
3
49
391
0
364
72
45
117
12
2
81
17
250
15
14
89
1101
239
23
149
32
146
154
0
109
132
62
159
244
259
6789
649
56
1
14
582
164
21
14
0
110
15
633
174
13
0
54
0
0
8
0
267
56
128
48
0
577
24
0
808
34
232
502
534
174
8
922
257
9
66
13
0
25
156
42
0
45
613
37
168
770
0
117
299
258
0
0
603
3441
0
26
30
494
27
275
178
272
42
184
0
3
13
116
136
536
20
0
636
172
27
635
8
427
19
0
15
143
305
126
691
0
364
31
0
33
1334
1359
94
366
47
6
124
40
222
77
4
24
0
568
0
33
519
90
230
8
558
115
128
33
349
4
7
0
49
98
899
530
24
0
10
116
305
323
0
744
34
0
15
2533
29
4
8
2
1242
218
51
268
89
34
7
7
93
0
93
559
96
276
67
0
101
3
5
137
3
102
28
71
31
388
269
16
0
273
0
130
19
332
49
143
131
1278
34
50
58
14
35
243
12
0
64
131
85
0
68
0
39
165
229
0
0
200
24
19
38
334
99
9
38
173
12
239
10296
19
320
0
36
0
211
290
88
31
0
1864
102
288
109
125
223
169
513
165
75104
492
189
22
1136
0
156
214
0
484
247
38
0
13377
133
19
1
157
888
86
27
35
1650
46
105
238
417
36
8
84
154
0
62
63
5
