4
927
32
5
1310
0
320
19
9
2
2
1
48
18
3
2
6
0
153
13
8
135
2
0
1
42
0
33
20
1
12
5
5
5875
5
20
7
20
0
23
1603
1
2
3
11
8
57
29
23
1
27
17
0
1
18
12
34
7
4
15
1
21
15
22
3
7767
1084
22
147
2
16
311
3
8
4
6
52
28
47
92
997
0
0
7
22
201
22
18
0
11
0
105
6
1
1
0
2
2
4
0
61
8
10
2
3
16
16
0
236
6
14
859
3366
309
668
4462
14
850
64
5
0
3
6
188
0
46
1438
14
169
225
5
41
62
218
0
6
26
2245
1
18
0
4
1279
29
5624
93
1
25
0
14
22
101
11
54
2
1
15
2
9
549
4
42
0
1
4
8
450
21
2500
4
12
4
0
1
7183
7
5
50
1580
1
5
5
682
3
9
1172
0
50
1748
6
22
31
10
7
16
26
792
2
28
1
0
3
388
10
179
17
4
0
4
4
1249
62
0
157
2
4
0
162
3
0
12
75
12194
724
1
1
1729
27
1
0
39
2
18
41
2468
121
14
0
21
0
0
42
1
16
10
8
7
1056
1997
0
0
75
0
5
8
54
247
544
2
73
11
11
19
4
139
4
6
4
3
4
18
1128
7
3
9
14
92
0
0
5
2
4
117
67
12
6
1
73
2
12
1485
7
407
2
10
12
44
91
23
3
0
7085
1077
2327
72
1399
11
72
14
57
166
33
12
16
2193
0
710
51
6
32
43
5
6
31
8
8
0
35
101
14
19
4
1488
4
180
99
31
15
0
1498
11
3
4
10
1
