8
1372
461
12
2996
0
462
66
53
5
5
21
121
49
20
8
18
6
804
72
38
383
22
1
20
166
5
122
32
7
32
51
30
15441
17
65
11
63
3
121
3106
8
2
31
18
11
175
132
33
6
84
80
0
4
48
82
189
16
26
79
6
129
27
95
10
16041
1513
102
288
1
67
482
20
31
30
20
78
84
84
95
2466
3
3
42
81
413
77
80
0
52
0
669
37
10
4
11
16
5
6
0
64
9
36
6
14
42
65
5
1945
23
68
1616
7472
301
1424
10190
105
1421
183
18
0
11
32
295
3
139
3004
57
505
805
32
140
253
594
2
19
217
5509
5
42
7
10
3101
112
11467
398
54
53
0
28
36
231
19
172
18
16
25
35
25
990
43
248
0
9
25
48
634
45
5143
23
33
18
0
4
9382
16
34
19
1269
17
22
15
895
12
6
878
2
148
1940
17
47
126
32
27
19
119
2955
25
82
23
7
0
804
18
1574
37
7
0
10
25
2674
256
0
316
7
19
6
179
37
6
32
17
27264
1703
2
22
5528
63
1
3
139
1
40
150
204
372
42
0
39
1
2
220
4
46
38
29
23
1429
3920
0
0
156
13
17
62
162
393
1280
11
304
75
68
28
11
159
20
21
6
35
20
19
806
26
16
33
35
359
5
1
45
9
9
118
280
40
33
9
118
10
42
4777
12
876
4
48
50
66
233
113
40
2
11133
1699
4436
436
2818
29
375
41
169
1273
69
31
33
4055
0
979
88
7
173
199
23
11
166
11
47
1
62
465
26
75
9
2126
23
272
573
66
48
13
8890
34
4
14
55
11
