8
856
144
14
2850
0
338
52
20
6
3
11
47
29
1
1
5
4
644
29
7
346
14
0
8
91
0
33
15
3
24
18
4
12849
9
34
12
85
6
33
1805
8
5
15
7
9
66
64
29
4
21
45
0
1
28
25
92
14
4
32
4
43
27
36
7
16362
1284
60
217
11
44
265
12
8
12
22
17
36
52
50
2298
1
0
18
39
135
49
38
0
13
0
207
28
3
0
0
3
3
0
0
61
6
14
4
6
14
27
1
511
8
27
1725
4591
354
545
4732
80
725
48
6
0
13
19
219
3
61
2401
27
294
314
20
28
60
506
1
3
105
4713
0
29
2
2
2421
53
11503
136
26
15
2
19
33
121
15
76
4
8
18
20
29
1171
17
136
0
2
16
25
594
16
3622
14
16
3
0
0
7572
13
7
25
930
12
12
7
1455
8
3
885
2
80
4715
16
19
86
7
9
11
69
1174
7
23
7
0
1
887
13
1364
13
2
0
4
6
1555
86
0
136
8
17
6
86
26
7
24
202
28482
1340
0
16
3192
29
1
2
89
0
26
69
2827
118
20
0
23
2
0
93
3
13
18
10
12
896
2961
3
0
42
2
4
28
119
312
837
4
96
24
12
32
0
74
7
28
9
11
4
13
757
16
8
10
13
137
1
1
17
8
4
109
107
13
13
4
98
6
18
3774
11
429
6
13
24
31
162
36
13
1
7635
869
2799
249
1851
4
170
17
83
594
39
13
17
3984
0
1327
44
6
75
84
2
4
75
8
32
1
52
418
19
29
10
2321
13
247
113
36
14
9
1928
11
3
7
52
8
