40
56
651
24
1498
0
185
0
271
127
28
2
51
195
57
46
152
5
605
157
0
92
0
26
0
141
0
286
345
0
20
83
0
9243
22
0
120
72
66
358
2323
129
0
121
347
468
192
224
23
25
26
250
0
527
1
27
225
0
9
76
0
258
120
29
0
1748
259
49
0
25
78
73
4
1
110
53
235
157
285
10585
776
0
5
111
639
177
110
63
0
58
60
442
195
0
0
55
13
15
10
0
174
262
333
148
28
645
14
0
450
95
22
524
511
507
10
4294
48
158
143
0
0
78
14
1
0
15
655
17
52
500
0
168
128
155
0
0
239
10327
1
24
8
897
32
144
418
651
18
142
0
6
3
186
199
577
0
37
1649
82
12
1066
0
121
0
27
66
133
271
127
452
0
163
29
0
68
519
1385
204
416
37
9
0
0
231
68
0
5
8
237
0
13
195
142
300
8
528
108
289
16
333
12
12
0
58
198
295
795
0
0
8
73
108
193
0
311
0
0
0
2595
1
0
0
52
2803
274
0
514
6
25
26
0
24
0
139
534
0
324
32
0
26
0
0
52
19
162
117
44
22
347
263
27
32
413
0
80
52
110
60
339
43
1503
17
40
0
0
2
188
78
0
104
201
84
42
45
0
17
338
89
8
29
286
44
13
6
500
52
15
47
190
2
389
4499
11
635
0
116
32
219
328
196
12
0
2770
84
342
75
222
258
110
462
109
44037
426
242
15
1125
0
277
166
0
524
149
59
78
9723
200
16
6
69
617
104
11
106
2984
30
202
80
435
26
0
62
116
13
16
83
0
