4
3038
31
1
4171
0
1205
39
7
0
7
6
38
16
8
4
4
3
222
22
7
239
7
0
3
69
0
25
25
2
17
12
9
21201
7
38
5
20
1
27
5424
2
4
8
15
11
36
49
9
6
15
16
0
1
27
17
32
8
4
14
4
18
23
41
5
31960
4255
46
477
2
35
315
7
22
6
7
68
19
65
84
2731
0
2
19
24
181
32
16
0
24
0
78
22
2
0
1
0
2
1
1
60
5
5
3
0
16
12
0
209
7
16
2354
16051
1174
659
20600
19
4391
61
3
0
10
21
370
4
49
3618
20
861
217
5
17
43
609
0
6
48
8268
0
40
7
13
3261
27
12541
139
2
16
0
19
24
90
4
46
6
2
114
6
10
2527
12
42
0
4
8
7
850
13
9596
12
13
3
0
0
4703
7
13
32
3962
3
6
4
1934
2
1
3792
2
42
5828
13
18
25
12
21
16
14
1874
13
18
6
3
0
1033
4
365
15
6
1
7
6
5542
62
0
142
6
10
3
144
4
7
23
36
43725
1884
0
13
7311
37
0
1
82
1
22
50
246
92
22
0
39
4
0
54
3
21
10
7
3
3585
8258
0
0
78
1
11
16
61
818
657
0
40
33
14
47
2
103
6
3
9
8
7
7
3973
19
10
6
12
81
0
1
25
6
8
422
78
17
24
3
78
2
7
5527
10
1635
6
9
6
31
101
17
1
0
26647
2390
9668
145
6025
15
108
23
65
186
32
19
15
12075
0
1860
51
1
35
36
4
7
49
0
12
2
35
133
32
18
6
6360
6
861
107
27
13
6
4613
15
3
3
8
6
