54
3038
643
3
4171
0
1205
42
176
30
126
48
117
116
108
48
199
32
411
75
50
337
13
16
6
236
1
795
124
4
17
92
13
21201
18
86
77
57
79
228
5424
17
16
84
267
218
457
86
19
23
122
147
0
332
37
17
86
37
15
153
10
227
133
60
80
31960
4255
57
477
22
66
343
12
44
64
46
113
175
350
3879
2731
0
2
135
439
342
101
40
0
272
290
1028
114
2
6
58
23
61
1
1
385
471
301
59
14
353
27
0
504
33
35
2363
16051
1174
659
20600
78
4391
244
5
0
26
101
370
4
50
3618
28
861
947
16
279
197
609
0
6
292
8268
32
53
21
342
3261
205
12541
217
2
136
0
19
24
136
49
526
21
19
1647
175
28
2527
22
62
0
5
25
107
850
198
9596
17
1114
3
0
25
4779
1663
322
502
3962
17
10
63
1934
161
4
3792
2
348
5828
13
1905
152
401
28
1779
163
1874
48
278
56
4
0
1033
332
365
1488
82
1
7
26
5542
334
0
356
17
31
4
2003
25
7
29
36
43725
1884
13
387
7311
41
0
1
82
3
156
734
246
302
37
0
239
4
0
75
19
121
169
28
21
3585
8258
26
9
372
9
233
52
139
818
657
54
2934
33
31
48
63
251
86
17
12
204
218
110
3973
32
10
154
493
104
12
24
316
233
50
422
489
20
24
114
463
8
492
5527
42
1635
6
50
6
173
280
130
30
0
26647
2390
9668
145
6025
143
146
347
155
465959
1336
108
16
12075
0
1860
348
2
192
138
47
10
101175
256
45
9
194
307
118
20
60
6360
62
861
129
503
45
15
4613
213
8
49
112
6
