0
56
147
0
1498
0
185
0
0
0
0
2
0
88
0
0
0
0
348
45
0
52
0
0
0
22
0
0
2
0
20
38
0
9243
0
0
38
1
0
0
2323
45
0
1
9
0
13
30
0
0
0
36
0
6
1
27
46
0
0
20
0
14
77
29
0
1748
259
10
0
0
72
73
4
0
4
0
0
37
47
0
776
0
5
28
47
79
40
63
0
0
0
288
26
0
0
0
0
0
10
0
0
0
37
17
11
0
0
0
237
85
22
524
511
507
10
4294
0
158
71
0
0
0
0
1
0
15
655
17
52
260
0
15
82
155
0
0
98
10327
0
24
0
0
32
0
418
148
18
14
0
6
3
52
0
54
0
37
0
0
0
1066
0
121
0
0
0
2
271
1
452
0
0
29
0
0
477
0
30
3
37
0
0
0
231
0
0
5
8
2
0
13
9
22
46
0
0
18
289
0
17
0
0
0
58
4
295
2
0
0
8
0
108
15
0
70
0
0
0
37
0
0
0
52
2803
274
0
16
6
25
26
0
24
0
3
71
0
0
22
0
0
0
0
52
8
68
0
36
11
347
263
0
0
5
0
0
50
95
60
339
0
53
17
15
0
0
0
0
78
0
11
0
0
42
0
0
0
0
61
0
0
20
7
13
6
111
52
15
0
16
2
0
4499
0
635
0
0
0
0
61
2
0
0
2770
84
342
75
222
50
42
10
35
228
48
26
15
1125
0
277
23
0
225
109
26
19
135
26
16
0
56
459
0
11
0
2984
0
202
70
0
15
0
62
0
0
0
0
0
