46
856
566
14
2850
0
338
55
108
19
46
43
121
79
68
19
81
8
748
90
32
420
21
20
8
244
0
315
60
5
24
72
10
12849
16
58
64
162
76
296
1806
23
11
66
177
180
329
97
35
11
69
125
0
198
40
25
164
34
23
82
15
205
91
66
45
16362
1284
67
217
27
83
281
22
24
39
40
36
146
290
2162
2298
1
0
102
408
208
105
63
0
133
174
603
50
3
5
30
12
17
0
0
259
174
184
23
7
175
34
1
760
18
46
1739
4591
354
545
4732
134
725
156
6
0
24
80
219
3
61
2401
41
294
587
30
156
184
506
1
4
326
4713
7
35
10
262
2421
156
11503
339
26
71
2
19
33
174
57
325
38
23
860
159
43
1171
26
168
0
5
33
142
594
90
3622
16
412
3
0
32
7624
920
175
244
930
36
14
18
1455
82
4
885
2
230
4715
16
793
236
241
11
874
250
1174
45
183
34
2
1
887
242
1364
784
27
0
4
18
1555
329
0
232
11
33
6
995
43
7
30
202
28482
1340
2
284
3192
29
3
4
89
0
119
426
2827
226
26
0
100
3
0
121
8
127
103
31
22
896
2961
13
2
242
10
95
56
195
312
837
50
2028
24
18
32
48
115
70
42
9
147
97
97
757
48
8
100
327
154
3
20
119
97
19
109
427
14
13
46
454
7
433
3774
28
429
6
42
27
111
338
148
34
4
7635
869
2799
249
1851
70
198
234
120
486094
449
89
17
3984
0
1327
174
6
196
119
16
9
65424
160
59
13
156
491
62
31
59
2321
46
247
138
253
31
15
1928
117
9
60
134
8
