0
0
163
0
85
0
0
0
234
0
0
0
0
0
0
0
0
0
0
0
0
14
0
0
0
0
0
288
127
0
0
0
0
826
0
0
0
0
0
0
0
303
0
0
0
0
0
0
0
0
0
56
0
0
0
0
36
0
0
0
0
342
0
0
0
7
0
0
0
0
0
0
0
0
208
0
108
533
590
600
0
0
0
35
0
0
444
192
0
0
453
0
0
0
0
0
0
0
0
0
0
0
902
0
0
1522
0
0
153
0
0
7
0
0
0
0
0
0
22
0
0
0
0
0
0
0
0
0
0
769
0
0
0
3
0
0
490
210
0
0
0
0
0
0
61
527
0
107
0
0
0
0
289
215
2
0
656
0
0
291
0
0
0
0
0
0
0
0
0
0
492
0
0
0
0
141
398
475
0
0
0
0
0
143
0
0
0
1050
0
0
240
0
0
0
29
0
0
0
209
0
0
0
0
321
21
577
0
0
0
0
0
16
0
0
0
0
0
586
0
0
0
0
188
0
0
361
0
0
0
0
0
0
0
552
0
0
0
0
0
0
0
0
0
0
0
0
1
0
0
0
0
180
0
0
0
0
0
0
0
1958
1
0
0
0
0
31
4
0
69
545
139
0
0
0
269
84
222
0
0
31
0
0
0
294
0
0
0
79
0
633
0
0
0
0
0
0
0
227
400
0
0
0
0
0
0
0
207
259
0
0
138696
320
215
0
170
0
0
0
0
0
0
0
0
59311
0
0
0
5
0
0
0
0
0
0
0
0
91
0
0
0
0
0
0
0
0
