2
156
24
3
215
0
45
30
3
1
0
2
11
4
0
1
0
0
24
9
2
18
3
0
0
15
1
12
2
0
14
1
6
978
6
1
1
11
1
10
270
0
1
1
1
3
43
15
11
1
15
6
0
0
2
2
0
9
2
9
0
16
9
3
2
3080
163
5
42
0
4
130
1
5
6
2
12
6
11
23
150
1
3
5
10
30
5
3
0
7
0
10
0
3
0
1
0
2
2
0
50
5
3
0
0
11
4
0
48
3
4
2451
883
38
186
765
1
135
21
2
0
3
3
29
0
7
215
2
18
109
0
50
15
37
0
0
16
304
0
13
0
4
759
17
1259
20
0
16
0
19
28
64
0
10
0
1
8
3
5
72
5
11
0
0
1
1
44
5
581
5
3
2
0
1
2124
1
13
0
229
1
0
0
41
0
0
68
1
11
36
4
11
21
3
0
2
28
173
4
12
1
1
0
57
2
51
3
0
0
8
0
418
31
0
63
0
1
0
56
0
9
0
0
2948
97
0
1
127
1
0
5
11
0
1
84
9
37
15
0
16
0
0
2
0
4
1
3
6
107
521
0
0
18
3
2
9
13
31
110
0
65
3
0
1
0
54
11
3
3
6
3
7
98
9
8
1
2
33
0
4
8
2
0
9
11
6
3
4
12
0
3
379
4
111
2
5
4
11
18
18
3
0
680
184
639
30
456
4
18
5
1
52
11
3
4
1159
0
68
30
1
5
22
3
0
30
2
4
0
7
17
1
4
6
257
3
37
48
6
11
1
540
3
0
3
2
5
