81
156
1257
5
215
0
45
30
545
13
26
13
53
425
25
22
911
13
410
208
210
112
8
9
3
242
1
1490
314
0
14
240
8
978
26
52
189
38
132
1195
270
2
7
57
697
314
3565
133
11
3
485
174
0
753
14
2
56
54
19
341
17
1130
118
40
72
3080
163
5
42
4
45
193
3
35
73
44
61
854
442
3394
150
1
3
84
1104
584
37
4
0
304
521
2322
23
3
2
14
51
37
2
0
639
389
160
27
22
535
10
0
2186
31
21
2490
883
38
186
765
42
135
212
6
0
7
134
29
0
7
215
21
18
2439
10
1810
646
37
0
0
630
304
52
43
68
1231
759
390
1259
57
0
638
0
19
28
149
40
1087
3
14
6291
164
42
72
11
17
0
1
15
114
44
236
581
8
2790
2
0
22
2343
1696
1004
801
229
33
0
17
41
129
1
68
1
292
36
4
3771
167
1821
5
1122
695
173
21
609
21
3
0
57
583
51
2225
55
0
8
62
418
1566
0
470
0
6
5
2124
11
9
2
0
2948
97
2
614
127
1
1
7
11
1
165
744
9
320
34
0
479
0
0
59
3
402
246
9
111
107
521
32
10
527
13
667
11
53
31
110
138
10226
3
19
1
195
465
60
8
3
133
524
182
98
33
8
111
869
83
4
24
341
39
17
9
316
42
3
221
1470
4
829
379
9
111
2
30
6
277
316
1121
21
0
680
184
639
30
456
676
133
560
110
598519
2679
203
4
1159
0
68
459
1
378
175
98
0
181738
1030
30
7
249
115
162
4
35
257
65
37
99
1237
191
10
540
690
4
285
69
5
